7	0.05	0	0	0	0	0	0
7	-0.05	0	0	0	0	0	0
7	0	0.05	0	0	0	0	0
7	0	-0.05	0	0	0	0	0
7	0	0	0	0	0	0	0
7	0	0	0	0	0	0	0
7	0	0	0.1	0	0	0	0
7	0	0	-0.1	0	0	0	0
7	0	0	0	0.1	0	0	0
7	0	0	0	-0.1	0	0	0
7	0	0	0	0	0.1	0	0
7	0	0	0	0	-0.1	0	0
7	0	0	0	0	0	0.1	0
7	0	0	0	0	0	-0.1	0
7	0	0	0	0	0	0	0.1
7	0	0	0	0	0	0	-0.1
7	0.05	0.05	0	0	0	0	0
7	-0.05	-0.05	0	0	0	0	0
7	0.05	-0.05	0	0	0	0	0
7	-0.05	0.05	0	0	0	0	0
7	0	0	-0.1	-0.1	-0.1	-0.1	0
7	0	0	-0.1	-0.1	-0.1	0.1	0
7	0	0	-0.1	-0.1	0.1	-0.1	0
7	0	0	-0.1	-0.1	0.1	0.1	0
7	0	0	-0.1	0.1	-0.1	-0.1	0
7	0	0	-0.1	0.1	-0.1	0.1	0
7	0	0	-0.1	0.1	0.1	-0.1	0
7	0	0	-0.1	0.1	0.1	0.1	0
7	0	0	0.1	-0.1	-0.1	-0.1	0
7	0	0	0.1	-0.1	-0.1	0.1	0
7	0	0	0.1	-0.1	0.1	-0.1	0
7	0	0	0.1	-0.1	0.1	0.1	0
7	0	0	0.1	0.1	-0.1	-0.1	0
7	0	0	0.1	0.1	-0.1	0.1	0
7	0	0	0.1	0.1	0.1	-0.1	0
7	0	0	0.1	0.1	0.1	0.1	0
