(0.192711, 0.131915, 0.64) (0.192711, 0.131915, 0.61) (0.192711, 0.161915, 0.64)
(0.192711, 0.131915, 0.61) (0.192711, 0.161915, 0.61) (0.192711, 0.161915, 0.64)
(0.192711, -0.138085, 0.64) (0.192711, -0.138085, 0.61) (0.192711, -0.108085, 0.64)
(0.192711, -0.138085, 0.61) (0.192711, -0.108085, 0.61) (0.192711, -0.108085, 0.64)
(0.218643, -0.138085, 0.977438) (0.218643, 0.161915, 0.977438) (0.241556, 0.161915, 1.02744)
(0.218643, -0.138085, 0.977438) (0.241556, 0.161915, 1.02744) (0.241556, 0.141915, 1.02744)
(0.218643, -0.138085, 0.977438) (0.241556, 0.141915, 1.02744) (0.241556, -0.118085, 1.02744)
(0.218643, -0.138085, 0.977438) (0.241556, -0.118085, 1.02744) (0.241556, -0.138085, 1.02744)
(0.228643, -0.138085, 0.957438) (0.228643, 0.161915, 0.957438) (0.228643, -0.138085, 0.977438)
(0.228643, 0.161915, 0.957438) (0.228643, 0.161915, 0.977438) (0.228643, -0.138085, 0.977438)
(-0.127289, 0.161915, 0.61) (0.00271, 0.161915, 0.61) (-0.127289, 0.131915, 0.61)
(0.00271, 0.161915, 0.61) (0.192711, 0.161915, 0.61) (-0.127289, 0.131915, 0.61)
(-0.127289, 0.131915, 0.61) (0.192711, 0.161915, 0.61) (0.192711, 0.131915, 0.61)
(-0.127289, -0.138085, 0.61) (-0.127289, -0.108085, 0.61) (0.00271, -0.138085, 0.61)
(-0.127289, -0.108085, 0.61) (0.192711, -0.108085, 0.61) (0.00271, -0.138085, 0.61)
(0.00271, -0.138085, 0.61) (0.192711, -0.108085, 0.61) (0.192711, -0.138085, 0.61)
(0.189929, 0.161915, 0.64) (-7.1e-05, 0.161915, 0.64) (0.192711, 0.131915, 0.64)
(-7.1e-05, 0.161915, 0.64) (-0.127289, 0.161915, 0.64) (0.192711, 0.131915, 0.64)
(0.192711, 0.131915, 0.64) (-0.127289, 0.161915, 0.64) (-0.127289, 0.131915, 0.64)
(0.192711, 0.131915, 0.64) (0.192711, 0.161915, 0.64) (0.189929, 0.161915, 0.64)
(0.189929, -0.138085, 0.64) (0.192711, -0.108085, 0.64) (-7.1e-05, -0.138085, 0.64)
(0.192711, -0.108085, 0.64) (-0.127289, -0.108085, 0.64) (-7.1e-05, -0.138085, 0.64)
(-7.1e-05, -0.138085, 0.64) (-0.127289, -0.108085, 0.64) (-0.127289, -0.138085, 0.64)
(0.192711, -0.138085, 0.64) (0.192711, -0.108085, 0.64) (0.189929, -0.138085, 0.64)
(-0.127289, 0.131915, 0.61) (-0.127289, 0.131915, 0.64) (-0.127289, 0.161915, 0.61)
(-0.127289, 0.131915, 0.64) (-0.127289, 0.161915, 0.64) (-0.127289, 0.161915, 0.61)
(-0.127289, -0.138085, 0.61) (-0.127289, -0.138085, 0.64) (-0.127289, -0.108085, 0.61)
(-0.127289, -0.138085, 0.64) (-0.127289, -0.108085, 0.64) (-0.127289, -0.108085, 0.61)
(0.265614, 0.171915, 1.04536) (0.241556, 0.171915, 1.02744) (0.092367, 0.171915, 1.27792)
(0.241556, 0.171915, 1.02744) (0.068309, 0.171915, 1.26) (0.092367, 0.171915, 1.27792)
(0.079315, -0.118085, 1.26196) (0.079315, 0.141915, 1.26196) (0.077284, -0.118085, 1.26357)
(0.079315, 0.141915, 1.26196) (0.077284, 0.141915, 1.26357) (0.077284, -0.118085, 1.26357)
(0.077284, -0.118085, 1.26357) (0.077284, 0.141915, 1.26357) (0.074723, -0.118085, 1.26394)
(0.077284, 0.141915, 1.26357) (0.074723, 0.141915, 1.26394) (0.074723, -0.118085, 1.26394)
(0.074723, -0.118085, 1.26394) (0.074723, 0.141915, 1.26394) (0.072318, -0.118085, 1.26299)
(0.074723, 0.141915, 1.26394) (0.072318, 0.141915, 1.26299) (0.072318, -0.118085, 1.26299)
(0.024035, 0.161915, 0.38) (0.214035, 0.161915, 0.38) (0.00271, 0.161915, 0.61)
(0.214035, 0.161915, 0.38) (0.192711, 0.161915, 0.61) (0.00271, 0.161915, 0.61)
(0.265614, -0.148085, 1.04536) (0.265614, -0.118085, 1.04536) (0.092367, -0.148085, 1.27792)
(0.265614, -0.118085, 1.04536) (0.092367, -0.118085, 1.27792) (0.092367, -0.148085, 1.27792)
(0.265614, 0.141915, 1.04536) (0.265614, 0.171915, 1.04536) (0.092367, 0.141915, 1.27792)
(0.265614, 0.171915, 1.04536) (0.092367, 0.171915, 1.27792) (0.092367, 0.141915, 1.27792)
(0.068309, -0.118085, 1.26) (0.068309, 0.141915, 1.26) (-0.19603, -0.138085, 1.315)
(0.068309, 0.141915, 1.26) (0.068309, 0.161915, 1.26) (-0.19603, -0.138085, 1.315)
(-0.19603, -0.138085, 1.315) (0.068309, 0.161915, 1.26) (-0.19603, 0.161915, 1.315)
(-0.19603, -0.138085, 1.315) (0.068309, -0.138085, 1.26) (0.068309, -0.118085, 1.26)
(0.246589, -0.118085, 1.03742) (0.246589, 0.141915, 1.03742) (0.079315, -0.118085, 1.26196)
(0.246589, 0.141915, 1.03742) (0.079315, 0.141915, 1.26196) (0.079315, -0.118085, 1.26196)
(0.072318, -0.118085, 1.26299) (0.072318, 0.141915, 1.26299) (0.068309, -0.118085, 1.26)
(0.072318, 0.141915, 1.26299) (0.068309, 0.141915, 1.26) (0.068309, -0.118085, 1.26)
(0.068309, 0.161915, 1.26) (0.068309, 0.141915, 1.26) (0.072318, 0.141915, 1.26299)
(0.068309, 0.161915, 1.26) (0.072318, 0.141915, 1.26299) (0.092367, 0.141915, 1.27792)
(0.068309, 0.161915, 1.26) (0.092367, 0.141915, 1.27792) (0.092367, 0.171915, 1.27792)
(0.068309, 0.161915, 1.26) (0.092367, 0.171915, 1.27792) (0.068309, 0.171915, 1.26)
(0.092367, -0.148085, 1.27792) (0.092367, -0.118085, 1.27792) (0.072318, -0.118085, 1.26299)
(0.092367, -0.148085, 1.27792) (0.072318, -0.118085, 1.26299) (0.068309, -0.118085, 1.26)
(0.092367, -0.148085, 1.27792) (0.068309, -0.118085, 1.26) (0.068309, -0.138085, 1.26)
(0.092367, -0.148085, 1.27792) (0.068309, -0.138085, 1.26) (0.068309, -0.148085, 1.26)
(0.092367, 0.141915, 1.27792) (0.072318, 0.141915, 1.26299) (0.074723, 0.141915, 1.26394)
(0.092367, 0.141915, 1.27792) (0.074723, 0.141915, 1.26394) (0.077284, 0.141915, 1.26357)
(0.092367, 0.141915, 1.27792) (0.077284, 0.141915, 1.26357) (0.079315, 0.141915, 1.26196)
(0.092367, 0.141915, 1.27792) (0.079315, 0.141915, 1.26196) (0.246589, 0.141915, 1.03742)
(0.092367, 0.141915, 1.27792) (0.246589, 0.141915, 1.03742) (0.265614, 0.141915, 1.04536)
(0.265614, 0.141915, 1.04536) (0.246589, 0.141915, 1.03742) (0.247545, 0.141915, 1.03502)
(0.265614, 0.141915, 1.04536) (0.247545, 0.141915, 1.03502) (0.247171, 0.141915, 1.03245)
(0.265614, 0.141915, 1.04536) (0.247171, 0.141915, 1.03245) (0.245566, 0.141915, 1.03042)
(0.092367, -0.118085, 1.27792) (0.265614, -0.118085, 1.04536) (0.246589, -0.118085, 1.03742)
(0.092367, -0.118085, 1.27792) (0.246589, -0.118085, 1.03742) (0.079315, -0.118085, 1.26196)
(0.092367, -0.118085, 1.27792) (0.079315, -0.118085, 1.26196) (0.077284, -0.118085, 1.26357)
(0.092367, -0.118085, 1.27792) (0.077284, -0.118085, 1.26357) (0.074723, -0.118085, 1.26394)
(0.092367, -0.118085, 1.27792) (0.074723, -0.118085, 1.26394) (0.072318, -0.118085, 1.26299)
(0.265614, -0.118085, 1.04536) (0.245566, -0.118085, 1.03042) (0.247171, -0.118085, 1.03245)
(0.265614, -0.118085, 1.04536) (0.247171, -0.118085, 1.03245) (0.247545, -0.118085, 1.03502)
(0.265614, -0.118085, 1.04536) (0.247545, -0.118085, 1.03502) (0.246589, -0.118085, 1.03742)
(0.265614, -0.148085, 1.04536) (0.092367, -0.148085, 1.27792) (0.241556, -0.148085, 1.02744)
(0.092367, -0.148085, 1.27792) (0.068309, -0.148085, 1.26) (0.241556, -0.148085, 1.02744)
(0.313835, 0.021929, 0.05) (-0.284171, 0.041894, 0.05) (0.312241, 0.041894, 0.05)
(-0.284171, 0.041894, 0.05) (-0.280991, 0.061669, 0.05) (0.312241, 0.041894, 0.05)
(0.312241, 0.041894, 0.05) (-0.280991, 0.061669, 0.05) (0.309061, 0.061669, 0.05)
(-0.280991, 0.061669, 0.05) (-0.276247, 0.081128, 0.05) (0.309061, 0.061669, 0.05)
(0.309061, 0.061669, 0.05) (-0.276247, 0.081128, 0.05) (0.304317, 0.081128, 0.05)
(-0.276247, 0.081128, 0.05) (-0.269969, 0.100147, 0.05) (0.304317, 0.081128, 0.05)
(0.304317, 0.081128, 0.05) (-0.269969, 0.100147, 0.05) (0.298039, 0.100147, 0.05)
(-0.269969, 0.100147, 0.05) (-0.262196, 0.118606, 0.05) (0.298039, 0.100147, 0.05)
(0.298039, 0.100147, 0.05) (-0.262196, 0.118606, 0.05) (0.290266, 0.118606, 0.05)
(-0.262196, 0.118606, 0.05) (-0.252978, 0.136387, 0.05) (0.290266, 0.118606, 0.05)
(0.290266, 0.118606, 0.05) (-0.252978, 0.136387, 0.05) (0.281048, 0.136387, 0.05)
(-0.252978, 0.136387, 0.05) (-0.242374, 0.153378, 0.05) (0.281048, 0.136387, 0.05)
(0.281048, 0.136387, 0.05) (-0.242374, 0.153378, 0.05) (0.270444, 0.153378, 0.05)
(-0.242374, 0.153378, 0.05) (-0.230449, 0.16947, 0.05) (0.270444, 0.153378, 0.05)
(0.270444, 0.153378, 0.05) (-0.230449, 0.16947, 0.05) (0.25852, 0.16947, 0.05)
(-0.230449, 0.16947, 0.05) (-0.217282, 0.184562, 0.05) (0.25852, 0.16947, 0.05)
(0.25852, 0.16947, 0.05) (-0.217282, 0.184562, 0.05) (0.245352, 0.184562, 0.05)
(-0.217282, 0.184562, 0.05) (-0.202955, 0.198558, 0.05) (0.245352, 0.184562, 0.05)
(0.245352, 0.184562, 0.05) (-0.202955, 0.198558, 0.05) (0.231025, 0.198558, 0.05)
(-0.202955, 0.198558, 0.05) (-0.187559, 0.211368, 0.05) (0.231025, 0.198558, 0.05)
(0.231025, 0.198558, 0.05) (-0.187559, 0.211368, 0.05) (0.215629, 0.211368, 0.05)
(-0.187559, 0.211368, 0.05) (-0.171191, 0.222912, 0.05) (0.215629, 0.211368, 0.05)
(0.215629, 0.211368, 0.05) (-0.171191, 0.222912, 0.05) (0.199262, 0.222912, 0.05)
(-0.171191, 0.222912, 0.05) (-0.153957, 0.233116, 0.05) (0.199262, 0.222912, 0.05)
(0.199262, 0.222912, 0.05) (-0.153957, 0.233116, 0.05) (0.182027, 0.233116, 0.05)
(-0.153957, 0.233116, 0.05) (-0.135965, 0.241915, 0.05) (0.182027, 0.233116, 0.05)
(0.182027, 0.233116, 0.05) (-0.135965, 0.241915, 0.05) (0.164035, 0.241915, 0.05)
(-0.284171, 0.041894, 0.05) (0.313835, 0.021929, 0.05) (-0.285765, 0.021929, 0.05)
(0.313835, 0.021929, 0.05) (0.313835, 0.001901, 0.05) (-0.285765, 0.021929, 0.05)
(-0.285765, 0.021929, 0.05) (0.313835, 0.001901, 0.05) (-0.285765, 0.001901, 0.05)
(0.313835, 0.001901, 0.05) (0.312241, -0.018064, 0.05) (-0.285765, 0.001901, 0.05)
(-0.285765, 0.001901, 0.05) (0.312241, -0.018064, 0.05) (-0.284171, -0.018064, 0.05)
(0.312241, -0.018064, 0.05) (0.309061, -0.037839, 0.05) (-0.284171, -0.018064, 0.05)
(-0.284171, -0.018064, 0.05) (0.309061, -0.037839, 0.05) (-0.280991, -0.037839, 0.05)
(0.309061, -0.037839, 0.05) (0.304317, -0.057298, 0.05) (-0.280991, -0.037839, 0.05)
(-0.280991, -0.037839, 0.05) (0.304317, -0.057298, 0.05) (-0.276247, -0.057298, 0.05)
(0.304317, -0.057298, 0.05) (0.298039, -0.076317, 0.05) (-0.276247, -0.057298, 0.05)
(-0.276247, -0.057298, 0.05) (0.298039, -0.076317, 0.05) (-0.269969, -0.076317, 0.05)
(0.298039, -0.076317, 0.05) (0.290266, -0.094776, 0.05) (-0.269969, -0.076317, 0.05)
(-0.269969, -0.076317, 0.05) (0.290266, -0.094776, 0.05) (-0.262196, -0.094776, 0.05)
(0.290266, -0.094776, 0.05) (0.281048, -0.112557, 0.05) (-0.262196, -0.094776, 0.05)
(-0.262196, -0.094776, 0.05) (0.281048, -0.112557, 0.05) (-0.252978, -0.112557, 0.05)
(0.281048, -0.112557, 0.05) (0.270444, -0.129548, 0.05) (-0.252978, -0.112557, 0.05)
(-0.252978, -0.112557, 0.05) (0.270444, -0.129548, 0.05) (-0.242374, -0.129548, 0.05)
(0.270444, -0.129548, 0.05) (0.25852, -0.145641, 0.05) (-0.242374, -0.129548, 0.05)
(-0.242374, -0.129548, 0.05) (0.25852, -0.145641, 0.05) (-0.230449, -0.145641, 0.05)
(0.25852, -0.145641, 0.05) (0.245352, -0.160733, 0.05) (-0.230449, -0.145641, 0.05)
(-0.230449, -0.145641, 0.05) (0.245352, -0.160733, 0.05) (-0.217282, -0.160733, 0.05)
(0.245352, -0.160733, 0.05) (0.231025, -0.174728, 0.05) (-0.217282, -0.160733, 0.05)
(-0.217282, -0.160733, 0.05) (0.231025, -0.174728, 0.05) (-0.202955, -0.174728, 0.05)
(0.231025, -0.174728, 0.05) (0.215629, -0.187539, 0.05) (-0.202955, -0.174728, 0.05)
(-0.202955, -0.174728, 0.05) (0.215629, -0.187539, 0.05) (-0.187559, -0.187539, 0.05)
(0.215629, -0.187539, 0.05) (0.199262, -0.199083, 0.05) (-0.187559, -0.187539, 0.05)
(-0.187559, -0.187539, 0.05) (0.199262, -0.199083, 0.05) (-0.171191, -0.199083, 0.05)
(0.199262, -0.199083, 0.05) (0.182027, -0.209286, 0.05) (-0.171191, -0.199083, 0.05)
(-0.171191, -0.199083, 0.05) (0.182027, -0.209286, 0.05) (-0.153957, -0.209286, 0.05)
(0.182027, -0.209286, 0.05) (0.164035, -0.218085, 0.05) (-0.153957, -0.209286, 0.05)
(-0.153957, -0.209286, 0.05) (0.164035, -0.218085, 0.05) (-0.135965, -0.218085, 0.05)
(0.164035, 0.241915, 0.05) (0.164035, 0.241915, 0.38) (0.182027, 0.233116, 0.05)
(0.164035, 0.241915, 0.38) (0.181439, 0.233432, 0.38) (0.182027, 0.233116, 0.05)
(0.182027, 0.233116, 0.05) (0.181439, 0.233432, 0.38) (0.198139, 0.223635, 0.38)
(0.164035, -0.218085, 0.38) (0.164035, -0.218085, 0.05) (0.181439, -0.209602, 0.38)
(0.164035, -0.218085, 0.05) (0.182027, -0.209286, 0.05) (0.181439, -0.209602, 0.38)
(0.181439, -0.209602, 0.38) (0.182027, -0.209286, 0.05) (0.198139, -0.199805, 0.38)
(0.214035, -0.188751, 0.38) (0.198139, -0.199805, 0.38) (0.199262, -0.199083, 0.05)
(0.214035, -0.188751, 0.38) (0.199262, -0.199083, 0.05) (0.215629, -0.187539, 0.05)
(0.214035, -0.188751, 0.38) (0.215629, -0.187539, 0.05) (0.229033, -0.176506, 0.38)
(0.214035, 0.212581, 0.38) (0.229033, 0.200336, 0.38) (0.215629, 0.211368, 0.05)
(0.214035, 0.212581, 0.38) (0.215629, 0.211368, 0.05) (0.199262, 0.222912, 0.05)
(0.214035, 0.212581, 0.38) (0.199262, 0.222912, 0.05) (0.198139, 0.223635, 0.38)
(0.182027, 0.233116, 0.05) (0.198139, 0.223635, 0.38) (0.199262, 0.222912, 0.05)
(0.215629, 0.211368, 0.05) (0.229033, 0.200336, 0.38) (0.231025, 0.198558, 0.05)
(0.231025, 0.198558, 0.05) (0.229033, 0.200336, 0.38) (0.243043, 0.186973, 0.38)
(0.231025, 0.198558, 0.05) (0.243043, 0.186973, 0.38) (0.245352, 0.184562, 0.05)
(0.245352, 0.184562, 0.05) (0.243043, 0.186973, 0.38) (0.255984, 0.172572, 0.38)
(0.245352, 0.184562, 0.05) (0.255984, 0.172572, 0.38) (0.25852, 0.16947, 0.05)
(0.25852, 0.16947, 0.05) (0.255984, 0.172572, 0.38) (0.267777, 0.157217, 0.38)
(0.25852, 0.16947, 0.05) (0.267777, 0.157217, 0.38) (0.270444, 0.153378, 0.05)
(0.270444, 0.153378, 0.05) (0.267777, 0.157217, 0.38) (0.278353, 0.140999, 0.38)
(0.270444, 0.153378, 0.05) (0.278353, 0.140999, 0.38) (0.281048, 0.136387, 0.05)
(0.281048, 0.136387, 0.05) (0.278353, 0.140999, 0.38) (0.28765, 0.124016, 0.38)
(0.281048, 0.136387, 0.05) (0.28765, 0.124016, 0.38) (0.290266, 0.118606, 0.05)
(0.290266, 0.118606, 0.05) (0.28765, 0.124016, 0.38) (0.295612, 0.106368, 0.38)
(0.290266, 0.118606, 0.05) (0.295612, 0.106368, 0.38) (0.298039, 0.100147, 0.05)
(0.298039, 0.100147, 0.05) (0.295612, 0.106368, 0.38) (0.302191, 0.088159, 0.38)
(0.298039, 0.100147, 0.05) (0.302191, 0.088159, 0.38) (0.304317, 0.081128, 0.05)
(0.304317, 0.081128, 0.05) (0.302191, 0.088159, 0.38) (0.30735, 0.069497, 0.38)
(0.304317, 0.081128, 0.05) (0.30735, 0.069497, 0.38) (0.309061, 0.061669, 0.05)
(0.309061, 0.061669, 0.05) (0.30735, 0.069497, 0.38) (0.311056, 0.050494, 0.38)
(0.309061, 0.061669, 0.05) (0.311056, 0.050494, 0.38) (0.312241, 0.041894, 0.05)
(0.312241, 0.041894, 0.05) (0.311056, 0.050494, 0.38) (0.313289, 0.031262, 0.38)
(0.312241, 0.041894, 0.05) (0.313289, 0.031262, 0.38) (0.313835, 0.021929, 0.05)
(0.313835, 0.021929, 0.05) (0.313289, 0.031262, 0.38) (0.314035, 0.011915, 0.38)
(0.313835, 0.021929, 0.05) (0.314035, 0.011915, 0.38) (0.313835, 0.001901, 0.05)
(0.314035, 0.011915, 0.38) (0.313289, -0.007432, 0.38) (0.313835, 0.001901, 0.05)
(0.312241, -0.018064, 0.05) (0.313835, 0.001901, 0.05) (0.313289, -0.007432, 0.38)
(0.313289, -0.007432, 0.38) (0.311056, -0.026664, 0.38) (0.312241, -0.018064, 0.05)
(0.309061, -0.037839, 0.05) (0.312241, -0.018064, 0.05) (0.311056, -0.026664, 0.38)
(0.311056, -0.026664, 0.38) (0.30735, -0.045667, 0.38) (0.309061, -0.037839, 0.05)
(0.304317, -0.057298, 0.05) (0.309061, -0.037839, 0.05) (0.30735, -0.045667, 0.38)
(0.30735, -0.045667, 0.38) (0.302191, -0.064329, 0.38) (0.304317, -0.057298, 0.05)
(0.298039, -0.076317, 0.05) (0.304317, -0.057298, 0.05) (0.302191, -0.064329, 0.38)
(0.302191, -0.064329, 0.38) (0.295612, -0.082538, 0.38) (0.298039, -0.076317, 0.05)
(0.290266, -0.094776, 0.05) (0.298039, -0.076317, 0.05) (0.295612, -0.082538, 0.38)
(0.295612, -0.082538, 0.38) (0.28765, -0.100186, 0.38) (0.290266, -0.094776, 0.05)
(0.281048, -0.112557, 0.05) (0.290266, -0.094776, 0.05) (0.28765, -0.100186, 0.38)
(0.28765, -0.100186, 0.38) (0.278353, -0.117169, 0.38) (0.281048, -0.112557, 0.05)
(0.270444, -0.129548, 0.05) (0.281048, -0.112557, 0.05) (0.278353, -0.117169, 0.38)
(0.278353, -0.117169, 0.38) (0.267777, -0.133387, 0.38) (0.270444, -0.129548, 0.05)
(0.25852, -0.145641, 0.05) (0.270444, -0.129548, 0.05) (0.267777, -0.133387, 0.38)
(0.267777, -0.133387, 0.38) (0.255984, -0.148742, 0.38) (0.25852, -0.145641, 0.05)
(0.245352, -0.160733, 0.05) (0.25852, -0.145641, 0.05) (0.255984, -0.148742, 0.38)
(0.255984, -0.148742, 0.38) (0.243043, -0.163144, 0.38) (0.245352, -0.160733, 0.05)
(0.231025, -0.174728, 0.05) (0.245352, -0.160733, 0.05) (0.243043, -0.163144, 0.38)
(0.243043, -0.163144, 0.38) (0.229033, -0.176506, 0.38) (0.231025, -0.174728, 0.05)
(0.215629, -0.187539, 0.05) (0.231025, -0.174728, 0.05) (0.229033, -0.176506, 0.38)
(0.182027, -0.209286, 0.05) (0.199262, -0.199083, 0.05) (0.198139, -0.199805, 0.38)
(0.228643, 0.161915, 0.957438) (0.228643, -0.138085, 0.957438) (0.218643, -0.138085, 0.957438)
(0.228643, 0.161915, 0.957438) (0.218643, -0.138085, 0.957438) (0.160498, -0.138085, 0.957438)
(0.228643, 0.161915, 0.957438) (0.160498, -0.138085, 0.957438) (0.158643, -0.138085, 0.957438)
(0.228643, 0.161915, 0.957438) (0.158643, -0.138085, 0.957438) (0.143643, -0.138085, 0.957438)
(0.143643, -0.138085, 0.957438) (0.143643, 0.161915, 0.957438) (0.158643, 0.161915, 0.957438)
(0.143643, -0.138085, 0.957438) (0.158643, 0.161915, 0.957438) (0.160498, 0.161915, 0.957438)
(0.143643, -0.138085, 0.957438) (0.160498, 0.161915, 0.957438) (0.218643, 0.161915, 0.957438)
(0.143643, -0.138085, 0.957438) (0.218643, 0.161915, 0.957438) (0.228643, 0.161915, 0.957438)
(0.214035, -0.218085, 0.38) (0.164035, -0.218085, 0.38) (0.181439, -0.209602, 0.38)
(0.214035, -0.218085, 0.38) (0.181439, -0.209602, 0.38) (0.198139, -0.199805, 0.38)
(0.214035, -0.218085, 0.38) (0.198139, -0.199805, 0.38) (0.214035, -0.188751, 0.38)
(-0.135965, -0.218085, 0.38) (-0.135965, -0.218085, 0.05) (0.024035, -0.218085, 0.38)
(-0.135965, -0.218085, 0.05) (0.164035, -0.218085, 0.05) (0.024035, -0.218085, 0.38)
(0.024035, -0.218085, 0.38) (0.164035, -0.218085, 0.05) (0.164035, -0.218085, 0.38)
(-0.045965, -0.218085, 1.135) (0.024035, -0.218085, 0.38) (0.144035, -0.218085, 1.135)
(0.024035, -0.218085, 0.38) (0.164035, -0.218085, 0.38) (0.144035, -0.218085, 1.135)
(0.144035, -0.218085, 1.135) (0.164035, -0.218085, 0.38) (0.214035, -0.218085, 0.38)
(0.164035, 0.241915, 0.38) (0.164035, 0.241915, 0.05) (0.024035, 0.241915, 0.38)
(0.164035, 0.241915, 0.05) (-0.135965, 0.241915, 0.05) (0.024035, 0.241915, 0.38)
(0.024035, 0.241915, 0.38) (-0.135965, 0.241915, 0.05) (-0.135965, 0.241915, 0.38)
(0.214035, 0.241915, 0.38) (0.164035, 0.241915, 0.38) (0.144035, 0.241915, 1.135)
(0.164035, 0.241915, 0.38) (0.024035, 0.241915, 0.38) (0.144035, 0.241915, 1.135)
(0.144035, 0.241915, 1.135) (0.024035, 0.241915, 0.38) (-0.045965, 0.241915, 1.135)
(-0.001357, -0.138085, 1.00744) (-0.001357, 0.161915, 1.00744) (0.143643, -0.138085, 1.00744)
(-0.001357, 0.161915, 1.00744) (0.143643, 0.161915, 1.00744) (0.143643, -0.138085, 1.00744)
(-7.1e-05, -0.138085, 0.64) (-0.039149, -0.138085, 1.06149) (-0.001357, -0.138085, 1.00744)
(-7.1e-05, -0.138085, 0.64) (-0.001357, -0.138085, 1.00744) (0.143643, -0.138085, 1.00744)
(-7.1e-05, -0.138085, 0.64) (0.143643, -0.138085, 1.00744) (0.143643, -0.138085, 0.977438)
(-7.1e-05, -0.138085, 0.64) (0.143643, -0.138085, 0.977438) (0.143643, -0.138085, 0.957438)
(-7.1e-05, -0.138085, 0.64) (0.143643, -0.138085, 0.957438) (0.158643, -0.138085, 0.957438)
(-7.1e-05, -0.138085, 0.64) (0.158643, -0.138085, 0.957438) (0.160498, -0.138085, 0.957438)
(-7.1e-05, -0.138085, 0.64) (0.160498, -0.138085, 0.957438) (0.189929, -0.138085, 0.64)
(0.214035, -0.218085, 0.38) (0.214035, -0.188751, 0.38) (0.192711, -0.138085, 0.61)
(0.214035, -0.218085, 0.38) (0.192711, -0.138085, 0.61) (0.189929, -0.138085, 0.64)
(0.214035, -0.218085, 0.38) (0.189929, -0.138085, 0.64) (0.160498, -0.138085, 0.957438)
(0.214035, -0.218085, 0.38) (0.160498, -0.138085, 0.957438) (0.144035, -0.138085, 1.135)
(0.214035, -0.218085, 0.38) (0.144035, -0.138085, 1.135) (0.144035, -0.218085, 1.135)
(0.214035, -0.188751, 0.38) (0.214035, -0.138085, 0.38) (0.192711, -0.138085, 0.61)
(0.143643, -0.138085, 0.957438) (0.143643, -0.138085, 0.977438) (0.143643, 0.161915, 0.957438)
(0.143643, -0.138085, 0.977438) (0.143643, 0.161915, 0.977438) (0.143643, 0.161915, 0.957438)
(0.143643, -0.138085, 0.977438) (0.143643, -0.138085, 1.00744) (0.143643, 0.161915, 0.977438)
(0.143643, -0.138085, 1.00744) (0.143643, 0.161915, 1.00744) (0.143643, 0.161915, 0.977438)
(0.160498, 0.161915, 0.957438) (0.144035, 0.161915, 1.135) (0.241556, 0.161915, 1.02744)
(0.160498, 0.161915, 0.957438) (0.241556, 0.161915, 1.02744) (0.218643, 0.161915, 0.977438)
(0.160498, 0.161915, 0.957438) (0.218643, 0.161915, 0.977438) (0.228643, 0.161915, 0.977438)
(0.160498, 0.161915, 0.957438) (0.228643, 0.161915, 0.977438) (0.218643, 0.161915, 0.957438)
(-0.199044, 0.161915, 1.29018) (-0.19603, 0.161915, 1.315) (0.068309, 0.161915, 1.26)
(-0.199044, 0.161915, 1.29018) (0.068309, 0.161915, 1.26) (-0.045965, 0.161915, 1.135)
(-0.199044, 0.161915, 1.29018) (-0.045965, 0.161915, 1.135) (-0.039149, 0.161915, 1.06149)
(0.241556, 0.161915, 1.02744) (0.144035, 0.161915, 1.135) (0.068309, 0.161915, 1.26)
(0.144035, 0.161915, 1.135) (-0.045965, 0.161915, 1.135) (0.068309, 0.161915, 1.26)
(0.228643, 0.161915, 0.957438) (0.218643, 0.161915, 0.957438) (0.228643, 0.161915, 0.977438)
(-7.1e-05, 0.161915, 0.64) (0.189929, 0.161915, 0.64) (0.160498, 0.161915, 0.957438)
(-7.1e-05, 0.161915, 0.64) (0.160498, 0.161915, 0.957438) (0.158643, 0.161915, 0.957438)
(-7.1e-05, 0.161915, 0.64) (0.158643, 0.161915, 0.957438) (0.143643, 0.161915, 0.957438)
(-7.1e-05, 0.161915, 0.64) (0.143643, 0.161915, 0.957438) (0.143643, 0.161915, 0.977438)
(-7.1e-05, 0.161915, 0.64) (0.143643, 0.161915, 0.977438) (0.143643, 0.161915, 1.00744)
(-7.1e-05, 0.161915, 0.64) (0.143643, 0.161915, 1.00744) (-0.001357, 0.161915, 1.00744)
(-7.1e-05, 0.161915, 0.64) (-0.001357, 0.161915, 1.00744) (-0.039149, 0.161915, 1.06149)
(0.160498, -0.138085, 0.957438) (0.218643, -0.138085, 0.957438) (0.228643, -0.138085, 0.977438)
(0.160498, -0.138085, 0.957438) (0.228643, -0.138085, 0.977438) (0.218643, -0.138085, 0.977438)
(0.160498, -0.138085, 0.957438) (0.218643, -0.138085, 0.977438) (0.241556, -0.138085, 1.02744)
(0.160498, -0.138085, 0.957438) (0.241556, -0.138085, 1.02744) (0.144035, -0.138085, 1.135)
(-0.199044, -0.138085, 1.29018) (-0.039149, -0.138085, 1.06149) (-0.045965, -0.138085, 1.135)
(-0.199044, -0.138085, 1.29018) (-0.045965, -0.138085, 1.135) (0.068309, -0.138085, 1.26)
(-0.199044, -0.138085, 1.29018) (0.068309, -0.138085, 1.26) (-0.19603, -0.138085, 1.315)
(0.068309, -0.138085, 1.26) (0.144035, -0.138085, 1.135) (0.241556, -0.138085, 1.02744)
(0.068309, -0.138085, 1.26) (-0.045965, -0.138085, 1.135) (0.144035, -0.138085, 1.135)
(0.228643, -0.138085, 0.977438) (0.218643, -0.138085, 0.957438) (0.228643, -0.138085, 0.957438)
(0.024035, -0.138085, 0.38) (0.00271, -0.138085, 0.61) (0.214035, -0.138085, 0.38)
(0.00271, -0.138085, 0.61) (0.192711, -0.138085, 0.61) (0.214035, -0.138085, 0.38)
(0.228643, -0.138085, 0.977438) (0.228643, 0.161915, 0.977438) (0.218643, -0.138085, 0.977438)
(0.228643, 0.161915, 0.977438) (0.218643, 0.161915, 0.977438) (0.218643, -0.138085, 0.977438)
(0.214035, 0.241915, 0.38) (0.144035, 0.241915, 1.135) (0.144035, 0.161915, 1.135)
(0.214035, 0.241915, 0.38) (0.144035, 0.161915, 1.135) (0.160498, 0.161915, 0.957438)
(0.214035, 0.241915, 0.38) (0.160498, 0.161915, 0.957438) (0.189929, 0.161915, 0.64)
(0.214035, 0.241915, 0.38) (0.189929, 0.161915, 0.64) (0.192711, 0.161915, 0.61)
(0.214035, 0.241915, 0.38) (0.192711, 0.161915, 0.61) (0.214035, 0.212581, 0.38)
(0.214035, 0.161915, 0.38) (0.214035, 0.212581, 0.38) (0.192711, 0.161915, 0.61)
(0.245566, -0.118085, 1.03042) (0.245566, 0.141915, 1.03042) (0.247171, -0.118085, 1.03245)
(0.245566, 0.141915, 1.03042) (0.247171, 0.141915, 1.03245) (0.247171, -0.118085, 1.03245)
(0.247171, -0.118085, 1.03245) (0.247171, 0.141915, 1.03245) (0.247545, -0.118085, 1.03502)
(0.247171, 0.141915, 1.03245) (0.247545, 0.141915, 1.03502) (0.247545, -0.118085, 1.03502)
(0.247545, -0.118085, 1.03502) (0.247545, 0.141915, 1.03502) (0.246589, -0.118085, 1.03742)
(0.247545, 0.141915, 1.03502) (0.246589, 0.141915, 1.03742) (0.246589, -0.118085, 1.03742)
(0.245566, 0.141915, 1.03042) (0.245566, -0.118085, 1.03042) (0.241556, 0.141915, 1.02744)
(0.245566, -0.118085, 1.03042) (0.241556, -0.118085, 1.02744) (0.241556, 0.141915, 1.02744)
(0.241556, -0.138085, 1.02744) (0.241556, -0.118085, 1.02744) (0.245566, -0.118085, 1.03042)
(0.241556, -0.138085, 1.02744) (0.245566, -0.118085, 1.03042) (0.265614, -0.118085, 1.04536)
(0.241556, -0.138085, 1.02744) (0.265614, -0.118085, 1.04536) (0.265614, -0.148085, 1.04536)
(0.241556, -0.138085, 1.02744) (0.265614, -0.148085, 1.04536) (0.241556, -0.148085, 1.02744)
(0.265614, 0.171915, 1.04536) (0.265614, 0.141915, 1.04536) (0.245566, 0.141915, 1.03042)
(0.265614, 0.171915, 1.04536) (0.245566, 0.141915, 1.03042) (0.241556, 0.141915, 1.02744)
(0.265614, 0.171915, 1.04536) (0.241556, 0.141915, 1.02744) (0.241556, 0.161915, 1.02744)
(0.265614, 0.171915, 1.04536) (0.241556, 0.161915, 1.02744) (0.241556, 0.171915, 1.02744)
(0.241556, 0.161915, 1.02744) (0.068309, 0.161915, 1.26) (0.241556, 0.171915, 1.02744)
(0.068309, 0.161915, 1.26) (0.068309, 0.171915, 1.26) (0.241556, 0.171915, 1.02744)
(0.241556, -0.148085, 1.02744) (0.068309, -0.148085, 1.26) (0.241556, -0.138085, 1.02744)
(0.068309, -0.148085, 1.26) (0.068309, -0.138085, 1.26) (0.241556, -0.138085, 1.02744)
(-0.045965, 0.161915, 1.135) (0.144035, 0.161915, 1.135) (-0.045965, 0.241915, 1.135)
(0.144035, 0.161915, 1.135) (0.144035, 0.241915, 1.135) (-0.045965, 0.241915, 1.135)
(-0.001357, -0.138085, 1.00744) (-0.039149, -0.138085, 1.06149) (-0.001357, 0.161915, 1.00744)
(-0.039149, -0.138085, 1.06149) (-0.039149, 0.161915, 1.06149) (-0.001357, 0.161915, 1.00744)
(-0.039149, -0.138085, 1.06149) (-0.199044, -0.138085, 1.29018) (-0.039149, 0.161915, 1.06149)
(-0.199044, -0.138085, 1.29018) (-0.199044, 0.161915, 1.29018) (-0.039149, 0.161915, 1.06149)
(-0.19603, -0.138085, 1.315) (-0.19603, 0.161915, 1.315) (-0.199044, -0.138085, 1.29018)
(-0.19603, 0.161915, 1.315) (-0.199044, 0.161915, 1.29018) (-0.199044, -0.138085, 1.29018)
(-0.045965, -0.218085, 1.135) (0.144035, -0.218085, 1.135) (-0.045965, -0.138085, 1.135)
(0.144035, -0.218085, 1.135) (0.144035, -0.138085, 1.135) (-0.045965, -0.138085, 1.135)
(0.267777, 0.157217, 0.38) (-0.242374, 0.153378, 0.38) (0.278353, 0.140999, 0.38)
(-0.242374, 0.153378, 0.38) (-0.252978, 0.136387, 0.38) (0.278353, 0.140999, 0.38)
(0.278353, 0.140999, 0.38) (-0.252978, 0.136387, 0.38) (0.28765, 0.124016, 0.38)
(-0.252978, 0.136387, 0.38) (-0.262196, 0.118606, 0.38) (0.28765, 0.124016, 0.38)
(0.28765, 0.124016, 0.38) (-0.262196, 0.118606, 0.38) (0.295612, 0.106368, 0.38)
(-0.262196, 0.118606, 0.38) (-0.269969, 0.100147, 0.38) (0.295612, 0.106368, 0.38)
(0.295612, 0.106368, 0.38) (-0.269969, 0.100147, 0.38) (0.302191, 0.088159, 0.38)
(-0.269969, 0.100147, 0.38) (-0.276247, 0.081128, 0.38) (0.302191, 0.088159, 0.38)
(0.302191, 0.088159, 0.38) (-0.276247, 0.081128, 0.38) (0.30735, 0.069497, 0.38)
(-0.276247, 0.081128, 0.38) (-0.280991, 0.061669, 0.38) (0.30735, 0.069497, 0.38)
(0.30735, 0.069497, 0.38) (-0.280991, 0.061669, 0.38) (0.311056, 0.050494, 0.38)
(-0.280991, 0.061669, 0.38) (-0.284171, 0.041894, 0.38) (0.311056, 0.050494, 0.38)
(0.311056, 0.050494, 0.38) (-0.284171, 0.041894, 0.38) (0.313289, 0.031262, 0.38)
(-0.284171, 0.041894, 0.38) (-0.285765, 0.021929, 0.38) (0.313289, 0.031262, 0.38)
(0.313289, 0.031262, 0.38) (-0.285765, 0.021929, 0.38) (0.314035, 0.011915, 0.38)
(-0.285765, 0.021929, 0.38) (-0.285765, 0.001901, 0.38) (0.314035, 0.011915, 0.38)
(0.314035, 0.011915, 0.38) (-0.285765, 0.001901, 0.38) (0.313289, -0.007432, 0.38)
(0.313289, -0.007432, 0.38) (-0.285765, 0.001901, 0.38) (0.311056, -0.026664, 0.38)
(-0.285765, 0.001901, 0.38) (-0.284171, -0.018064, 0.38) (0.311056, -0.026664, 0.38)
(0.311056, -0.026664, 0.38) (-0.284171, -0.018064, 0.38) (0.30735, -0.045667, 0.38)
(-0.284171, -0.018064, 0.38) (-0.280991, -0.037839, 0.38) (0.30735, -0.045667, 0.38)
(0.30735, -0.045667, 0.38) (-0.280991, -0.037839, 0.38) (0.302191, -0.064329, 0.38)
(-0.280991, -0.037839, 0.38) (-0.276247, -0.057298, 0.38) (0.302191, -0.064329, 0.38)
(0.302191, -0.064329, 0.38) (-0.276247, -0.057298, 0.38) (0.295612, -0.082538, 0.38)
(-0.276247, -0.057298, 0.38) (-0.269969, -0.076317, 0.38) (0.295612, -0.082538, 0.38)
(0.295612, -0.082538, 0.38) (-0.269969, -0.076317, 0.38) (0.28765, -0.100186, 0.38)
(-0.269969, -0.076317, 0.38) (-0.262196, -0.094776, 0.38) (0.28765, -0.100186, 0.38)
(0.28765, -0.100186, 0.38) (-0.262196, -0.094776, 0.38) (0.278353, -0.117169, 0.38)
(-0.262196, -0.094776, 0.38) (-0.252978, -0.112557, 0.38) (0.278353, -0.117169, 0.38)
(0.278353, -0.117169, 0.38) (-0.252978, -0.112557, 0.38) (0.267777, -0.133387, 0.38)
(-0.252978, -0.112557, 0.38) (-0.242374, -0.129548, 0.38) (0.267777, -0.133387, 0.38)
(0.267777, -0.133387, 0.38) (0.214035, -0.138085, 0.38) (0.255984, -0.148742, 0.38)
(0.214035, -0.138085, 0.38) (0.214035, -0.188751, 0.38) (0.255984, -0.148742, 0.38)
(0.255984, -0.148742, 0.38) (0.214035, -0.188751, 0.38) (0.243043, -0.163144, 0.38)
(0.214035, -0.188751, 0.38) (0.229033, -0.176506, 0.38) (0.243043, -0.163144, 0.38)
(0.024035, 0.161915, 0.38) (0.024035, 0.241915, 0.38) (-0.135965, 0.241915, 0.38)
(0.024035, 0.161915, 0.38) (-0.135965, 0.241915, 0.38) (-0.153957, 0.233116, 0.38)
(0.024035, 0.161915, 0.38) (-0.153957, 0.233116, 0.38) (-0.171191, 0.222912, 0.38)
(0.024035, 0.161915, 0.38) (-0.171191, 0.222912, 0.38) (-0.187559, 0.211368, 0.38)
(0.024035, 0.161915, 0.38) (-0.187559, 0.211368, 0.38) (-0.202955, 0.198558, 0.38)
(0.024035, 0.161915, 0.38) (-0.202955, 0.198558, 0.38) (-0.217282, 0.184562, 0.38)
(0.024035, 0.161915, 0.38) (-0.217282, 0.184562, 0.38) (-0.230449, 0.16947, 0.38)
(0.024035, 0.161915, 0.38) (-0.230449, 0.16947, 0.38) (-0.242374, 0.153378, 0.38)
(0.024035, 0.161915, 0.38) (-0.242374, 0.153378, 0.38) (0.267777, 0.157217, 0.38)
(0.214035, 0.161915, 0.38) (0.024035, 0.161915, 0.38) (0.267777, 0.157217, 0.38)
(0.214035, 0.161915, 0.38) (0.267777, 0.157217, 0.38) (0.255984, 0.172572, 0.38)
(0.214035, 0.161915, 0.38) (0.255984, 0.172572, 0.38) (0.243043, 0.186973, 0.38)
(0.214035, 0.161915, 0.38) (0.243043, 0.186973, 0.38) (0.229033, 0.200336, 0.38)
(0.214035, 0.161915, 0.38) (0.229033, 0.200336, 0.38) (0.214035, 0.212581, 0.38)
(0.024035, -0.138085, 0.38) (0.214035, -0.138085, 0.38) (0.267777, -0.133387, 0.38)
(0.024035, -0.138085, 0.38) (0.267777, -0.133387, 0.38) (-0.242374, -0.129548, 0.38)
(0.024035, -0.138085, 0.38) (-0.242374, -0.129548, 0.38) (-0.230449, -0.145641, 0.38)
(0.024035, -0.138085, 0.38) (-0.230449, -0.145641, 0.38) (0.024035, -0.218085, 0.38)
(0.024035, -0.218085, 0.38) (-0.230449, -0.145641, 0.38) (-0.217282, -0.160733, 0.38)
(0.024035, -0.218085, 0.38) (-0.217282, -0.160733, 0.38) (-0.202955, -0.174728, 0.38)
(0.024035, -0.218085, 0.38) (-0.202955, -0.174728, 0.38) (-0.187559, -0.187539, 0.38)
(0.024035, -0.218085, 0.38) (-0.187559, -0.187539, 0.38) (-0.171191, -0.199083, 0.38)
(0.024035, -0.218085, 0.38) (-0.171191, -0.199083, 0.38) (-0.153957, -0.209286, 0.38)
(0.024035, -0.218085, 0.38) (-0.153957, -0.209286, 0.38) (-0.135965, -0.218085, 0.38)
(-0.135965, -0.218085, 0.05) (-0.135965, -0.218085, 0.38) (-0.153957, -0.209286, 0.05)
(-0.135965, -0.218085, 0.38) (-0.153957, -0.209286, 0.38) (-0.153957, -0.209286, 0.05)
(-0.153957, -0.209286, 0.05) (-0.153957, -0.209286, 0.38) (-0.171191, -0.199083, 0.05)
(-0.153957, -0.209286, 0.38) (-0.171191, -0.199083, 0.38) (-0.171191, -0.199083, 0.05)
(-0.171191, -0.199083, 0.05) (-0.171191, -0.199083, 0.38) (-0.187559, -0.187539, 0.05)
(-0.171191, -0.199083, 0.38) (-0.187559, -0.187539, 0.38) (-0.187559, -0.187539, 0.05)
(-0.187559, -0.187539, 0.05) (-0.187559, -0.187539, 0.38) (-0.202955, -0.174728, 0.05)
(-0.187559, -0.187539, 0.38) (-0.202955, -0.174728, 0.38) (-0.202955, -0.174728, 0.05)
(-0.202955, -0.174728, 0.05) (-0.202955, -0.174728, 0.38) (-0.217282, -0.160733, 0.05)
(-0.202955, -0.174728, 0.38) (-0.217282, -0.160733, 0.38) (-0.217282, -0.160733, 0.05)
(-0.217282, -0.160733, 0.05) (-0.217282, -0.160733, 0.38) (-0.230449, -0.145641, 0.05)
(-0.217282, -0.160733, 0.38) (-0.230449, -0.145641, 0.38) (-0.230449, -0.145641, 0.05)
(-0.230449, -0.145641, 0.05) (-0.230449, -0.145641, 0.38) (-0.242374, -0.129548, 0.05)
(-0.230449, -0.145641, 0.38) (-0.242374, -0.129548, 0.38) (-0.242374, -0.129548, 0.05)
(-0.242374, -0.129548, 0.05) (-0.242374, -0.129548, 0.38) (-0.252978, -0.112557, 0.05)
(-0.242374, -0.129548, 0.38) (-0.252978, -0.112557, 0.38) (-0.252978, -0.112557, 0.05)
(-0.252978, -0.112557, 0.05) (-0.252978, -0.112557, 0.38) (-0.262196, -0.094776, 0.05)
(-0.252978, -0.112557, 0.38) (-0.262196, -0.094776, 0.38) (-0.262196, -0.094776, 0.05)
(-0.262196, -0.094776, 0.05) (-0.262196, -0.094776, 0.38) (-0.269969, -0.076317, 0.05)
(-0.262196, -0.094776, 0.38) (-0.269969, -0.076317, 0.38) (-0.269969, -0.076317, 0.05)
(-0.269969, -0.076317, 0.05) (-0.269969, -0.076317, 0.38) (-0.276247, -0.057298, 0.05)
(-0.269969, -0.076317, 0.38) (-0.276247, -0.057298, 0.38) (-0.276247, -0.057298, 0.05)
(-0.276247, -0.057298, 0.05) (-0.276247, -0.057298, 0.38) (-0.280991, -0.037839, 0.05)
(-0.276247, -0.057298, 0.38) (-0.280991, -0.037839, 0.38) (-0.280991, -0.037839, 0.05)
(-0.280991, -0.037839, 0.05) (-0.280991, -0.037839, 0.38) (-0.284171, -0.018064, 0.05)
(-0.280991, -0.037839, 0.38) (-0.284171, -0.018064, 0.38) (-0.284171, -0.018064, 0.05)
(-0.284171, -0.018064, 0.05) (-0.284171, -0.018064, 0.38) (-0.285765, 0.001901, 0.05)
(-0.284171, -0.018064, 0.38) (-0.285765, 0.001901, 0.38) (-0.285765, 0.001901, 0.05)
(-0.285765, 0.001901, 0.05) (-0.285765, 0.001901, 0.38) (-0.285765, 0.021929, 0.05)
(-0.285765, 0.001901, 0.38) (-0.285765, 0.021929, 0.38) (-0.285765, 0.021929, 0.05)
(-0.285765, 0.021929, 0.05) (-0.285765, 0.021929, 0.38) (-0.284171, 0.041894, 0.05)
(-0.285765, 0.021929, 0.38) (-0.284171, 0.041894, 0.38) (-0.284171, 0.041894, 0.05)
(-0.284171, 0.041894, 0.05) (-0.284171, 0.041894, 0.38) (-0.280991, 0.061669, 0.05)
(-0.284171, 0.041894, 0.38) (-0.280991, 0.061669, 0.38) (-0.280991, 0.061669, 0.05)
(-0.280991, 0.061669, 0.05) (-0.280991, 0.061669, 0.38) (-0.276247, 0.081128, 0.05)
(-0.280991, 0.061669, 0.38) (-0.276247, 0.081128, 0.38) (-0.276247, 0.081128, 0.05)
(-0.276247, 0.081128, 0.05) (-0.276247, 0.081128, 0.38) (-0.269969, 0.100147, 0.05)
(-0.276247, 0.081128, 0.38) (-0.269969, 0.100147, 0.38) (-0.269969, 0.100147, 0.05)
(-0.269969, 0.100147, 0.05) (-0.269969, 0.100147, 0.38) (-0.262196, 0.118606, 0.05)
(-0.269969, 0.100147, 0.38) (-0.262196, 0.118606, 0.38) (-0.262196, 0.118606, 0.05)
(-0.262196, 0.118606, 0.05) (-0.262196, 0.118606, 0.38) (-0.252978, 0.136387, 0.05)
(-0.262196, 0.118606, 0.38) (-0.252978, 0.136387, 0.38) (-0.252978, 0.136387, 0.05)
(-0.252978, 0.136387, 0.05) (-0.252978, 0.136387, 0.38) (-0.242374, 0.153378, 0.05)
(-0.252978, 0.136387, 0.38) (-0.242374, 0.153378, 0.38) (-0.242374, 0.153378, 0.05)
(-0.242374, 0.153378, 0.05) (-0.242374, 0.153378, 0.38) (-0.230449, 0.16947, 0.05)
(-0.242374, 0.153378, 0.38) (-0.230449, 0.16947, 0.38) (-0.230449, 0.16947, 0.05)
(-0.230449, 0.16947, 0.05) (-0.230449, 0.16947, 0.38) (-0.217282, 0.184562, 0.05)
(-0.230449, 0.16947, 0.38) (-0.217282, 0.184562, 0.38) (-0.217282, 0.184562, 0.05)
(-0.217282, 0.184562, 0.05) (-0.217282, 0.184562, 0.38) (-0.202955, 0.198558, 0.05)
(-0.217282, 0.184562, 0.38) (-0.202955, 0.198558, 0.38) (-0.202955, 0.198558, 0.05)
(-0.202955, 0.198558, 0.05) (-0.202955, 0.198558, 0.38) (-0.187559, 0.211368, 0.05)
(-0.202955, 0.198558, 0.38) (-0.187559, 0.211368, 0.38) (-0.187559, 0.211368, 0.05)
(-0.187559, 0.211368, 0.05) (-0.187559, 0.211368, 0.38) (-0.171191, 0.222912, 0.05)
(-0.187559, 0.211368, 0.38) (-0.171191, 0.222912, 0.38) (-0.171191, 0.222912, 0.05)
(-0.171191, 0.222912, 0.05) (-0.171191, 0.222912, 0.38) (-0.153957, 0.233116, 0.05)
(-0.171191, 0.222912, 0.38) (-0.153957, 0.233116, 0.38) (-0.153957, 0.233116, 0.05)
(-0.153957, 0.233116, 0.05) (-0.153957, 0.233116, 0.38) (-0.135965, 0.241915, 0.05)
(-0.153957, 0.233116, 0.38) (-0.135965, 0.241915, 0.38) (-0.135965, 0.241915, 0.05)
(0.192711, -0.108085, 0.64) (0.192711, -0.108085, 0.61) (-0.127289, -0.108085, 0.64)
(0.192711, -0.108085, 0.61) (-0.127289, -0.108085, 0.61) (-0.127289, -0.108085, 0.64)
(0.192711, 0.131915, 0.61) (0.192711, 0.131915, 0.64) (-0.127289, 0.131915, 0.61)
(0.192711, 0.131915, 0.64) (-0.127289, 0.131915, 0.64) (-0.127289, 0.131915, 0.61)
(-0.127289, 0.161915, 0.61) (-0.127289, 0.161915, 0.64) (0.00271, 0.161915, 0.61)
(-0.127289, 0.161915, 0.64) (-7.1e-05, 0.161915, 0.64) (0.00271, 0.161915, 0.61)
(0.189929, 0.161915, 0.64) (0.192711, 0.161915, 0.64) (0.192711, 0.161915, 0.61)
(-0.127289, -0.138085, 0.61) (0.00271, -0.138085, 0.61) (-0.127289, -0.138085, 0.64)
(0.00271, -0.138085, 0.61) (-7.1e-05, -0.138085, 0.64) (-0.127289, -0.138085, 0.64)
(0.192711, -0.138085, 0.61) (0.192711, -0.138085, 0.64) (0.189929, -0.138085, 0.64)
(-0.045965, 0.241915, 1.135) (0.024035, 0.241915, 0.38) (0.024035, 0.161915, 0.38)
(-0.045965, 0.241915, 1.135) (0.024035, 0.161915, 0.38) (0.00271, 0.161915, 0.61)
(-0.045965, 0.241915, 1.135) (0.00271, 0.161915, 0.61) (-7.1e-05, 0.161915, 0.64)
(-0.045965, 0.241915, 1.135) (-7.1e-05, 0.161915, 0.64) (-0.039149, 0.161915, 1.06149)
(-0.045965, 0.241915, 1.135) (-0.039149, 0.161915, 1.06149) (-0.045965, 0.161915, 1.135)
(0.214035, 0.241915, 0.38) (0.214035, 0.212581, 0.38) (0.198139, 0.223635, 0.38)
(0.214035, 0.241915, 0.38) (0.198139, 0.223635, 0.38) (0.181439, 0.233432, 0.38)
(0.214035, 0.241915, 0.38) (0.181439, 0.233432, 0.38) (0.164035, 0.241915, 0.38)
(-0.045965, -0.218085, 1.135) (-0.045965, -0.138085, 1.135) (-0.039149, -0.138085, 1.06149)
(-0.045965, -0.218085, 1.135) (-0.039149, -0.138085, 1.06149) (-7.1e-05, -0.138085, 0.64)
(-0.045965, -0.218085, 1.135) (-7.1e-05, -0.138085, 0.64) (0.00271, -0.138085, 0.61)
(-0.045965, -0.218085, 1.135) (0.00271, -0.138085, 0.61) (0.024035, -0.138085, 0.38)
(-0.045965, -0.218085, 1.135) (0.024035, -0.138085, 0.38) (0.024035, -0.218085, 0.38)
