(0.034173, -0.121352, -0.038346) (-0.03593, -0.127596, -0.028138) (-0.021119, -0.074999, -0.080585)
(-0.021119, -0.074999, -0.080585) (0.055292, -0.046352, -0.080585) (0.034173, -0.121352, -0.038346)
(0.094068, -0.078858, -0.028138) (0.034173, -0.121352, -0.038346) (0.055292, -0.046352, -0.080585)
(-0.021119, -0.074999, -0.080585) (0, 0, -0.1) (0.055292, -0.046352, -0.080585)
(0.110584, 0, -0.038346) (0.094068, -0.078858, -0.028138) (0.055292, -0.046352, -0.080585)
(0.055292, -0.046352, -0.080585) (0.055292, 0.046352, -0.080585) (0.110584, 0, -0.038346)
(0.094068, 0.078858, -0.028138) (0.110584, 0, -0.038346) (0.055292, 0.046352, -0.080585)
(0.055292, -0.046352, -0.080585) (0, 0, -0.1) (0.055292, 0.046352, -0.080585)
(-0.089465, -0.075, -0.038346) (-0.116275, 0, -0.028138) (-0.068345, 0, -0.080585)
(-0.068345, 0, -0.080585) (-0.021119, -0.074999, -0.080585) (-0.089465, -0.075, -0.038346)
(-0.03593, -0.127596, -0.028138) (-0.089465, -0.075, -0.038346) (-0.021119, -0.074999, -0.080585)
(-0.068345, 0, -0.080585) (0, 0, -0.1) (-0.021119, -0.074999, -0.080585)
(-0.089465, 0.075, -0.038346) (-0.03593, 0.127596, -0.028138) (-0.021119, 0.074999, -0.080585)
(-0.021119, 0.074999, -0.080585) (-0.068345, 0, -0.080585) (-0.089465, 0.075, -0.038346)
(-0.116275, 0, -0.028138) (-0.089465, 0.075, -0.038346) (-0.068345, 0, -0.080585)
(-0.021119, 0.074999, -0.080585) (0, 0, -0.1) (-0.068345, 0, -0.080585)
(0.034173, 0.121352, -0.038346) (0.094068, 0.078858, -0.028138) (0.055292, 0.046352, -0.080585)
(0.055292, 0.046352, -0.080585) (-0.021119, 0.074999, -0.080585) (0.034173, 0.121352, -0.038346)
(-0.03593, 0.127596, -0.028138) (0.034173, 0.121352, -0.038346) (-0.021119, 0.074999, -0.080585)
(0.055292, 0.046352, -0.080585) (0, 0, -0.1) (-0.021119, 0.074999, -0.080585)
(0.123638, -0.046352, 0.03) (0.094068, -0.078858, -0.028138) (0.110584, 0, -0.038346)
(0.110584, 0, -0.038346) (0.123638, 0.046352, 0.03) (0.123638, -0.046352, 0.03)
(0.116275, 0, 0.088138) (0.123638, -0.046352, 0.03) (0.123638, 0.046352, 0.03)
(0.123638, 0.046352, 0.03) (0.110584, 0, -0.038346) (0.094068, 0.078858, -0.028138)
(0, -0.15, 0.03) (-0.03593, -0.127596, -0.028138) (0.034173, -0.121352, -0.038346)
(0.034173, -0.121352, -0.038346) (0.076412, -0.121353, 0.03) (0, -0.15, 0.03)
(0.03593, -0.127596, 0.088138) (0, -0.15, 0.03) (0.076412, -0.121353, 0.03)
(0.076412, -0.121353, 0.03) (0.034173, -0.121352, -0.038346) (0.094068, -0.078858, -0.028138)
(-0.123638, -0.046352, 0.03) (-0.116275, 0, -0.028138) (-0.089465, -0.075, -0.038346)
(-0.089465, -0.075, -0.038346) (-0.076412, -0.121353, 0.03) (-0.123638, -0.046352, 0.03)
(-0.094068, -0.078858, 0.088138) (-0.123638, -0.046352, 0.03) (-0.076412, -0.121353, 0.03)
(-0.076412, -0.121353, 0.03) (-0.089465, -0.075, -0.038346) (-0.03593, -0.127596, -0.028138)
(-0.076412, 0.121353, 0.03) (-0.03593, 0.127596, -0.028138) (-0.089465, 0.075, -0.038346)
(-0.089465, 0.075, -0.038346) (-0.123638, 0.046352, 0.03) (-0.076412, 0.121353, 0.03)
(-0.094068, 0.078858, 0.088138) (-0.076412, 0.121353, 0.03) (-0.123638, 0.046352, 0.03)
(-0.123638, 0.046352, 0.03) (-0.089465, 0.075, -0.038346) (-0.116275, 0, -0.028138)
(0.076412, 0.121353, 0.03) (0.094068, 0.078858, -0.028138) (0.034173, 0.121352, -0.038346)
(0.034173, 0.121352, -0.038346) (0, 0.15, 0.03) (0.076412, 0.121353, 0.03)
(0.03593, 0.127596, 0.088138) (0.076412, 0.121353, 0.03) (0, 0.15, 0.03)
(0, 0.15, 0.03) (0.034173, 0.121352, -0.038346) (-0.03593, 0.127596, -0.028138)
(0.089465, -0.075, 0.098346) (0.03593, -0.127596, 0.088138) (0.076412, -0.121353, 0.03)
(0.076412, -0.121353, 0.03) (0.123638, -0.046352, 0.03) (0.089465, -0.075, 0.098346)
(0.116275, 0, 0.088138) (0.089465, -0.075, 0.098346) (0.123638, -0.046352, 0.03)
(0.123638, -0.046352, 0.03) (0.076412, -0.121353, 0.03) (0.094068, -0.078858, -0.028138)
(-0.034173, -0.121352, 0.098346) (-0.094068, -0.078858, 0.088138) (-0.076412, -0.121353, 0.03)
(-0.076412, -0.121353, 0.03) (0, -0.15, 0.03) (-0.034173, -0.121352, 0.098346)
(0.03593, -0.127596, 0.088138) (-0.034173, -0.121352, 0.098346) (0, -0.15, 0.03)
(0, -0.15, 0.03) (-0.076412, -0.121353, 0.03) (-0.03593, -0.127596, -0.028138)
(-0.110584, 0, 0.098346) (-0.094068, 0.078858, 0.088138) (-0.123638, 0.046352, 0.03)
(-0.123638, 0.046352, 0.03) (-0.123638, -0.046352, 0.03) (-0.110584, 0, 0.098346)
(-0.094068, -0.078858, 0.088138) (-0.110584, 0, 0.098346) (-0.123638, -0.046352, 0.03)
(-0.123638, -0.046352, 0.03) (-0.123638, 0.046352, 0.03) (-0.116275, 0, -0.028138)
(-0.034173, 0.121352, 0.098346) (0.03593, 0.127596, 0.088138) (0, 0.15, 0.03)
(0, 0.15, 0.03) (-0.076412, 0.121353, 0.03) (-0.034173, 0.121352, 0.098346)
(-0.094068, 0.078858, 0.088138) (-0.034173, 0.121352, 0.098346) (-0.076412, 0.121353, 0.03)
(-0.076412, 0.121353, 0.03) (0, 0.15, 0.03) (-0.03593, 0.127596, -0.028138)
(0.089465, 0.075, 0.098346) (0.116275, 0, 0.088138) (0.123638, 0.046352, 0.03)
(0.123638, 0.046352, 0.03) (0.076412, 0.121353, 0.03) (0.089465, 0.075, 0.098346)
(0.03593, 0.127596, 0.088138) (0.089465, 0.075, 0.098346) (0.076412, 0.121353, 0.03)
(0.076412, 0.121353, 0.03) (0.123638, 0.046352, 0.03) (0.094068, 0.078858, -0.028138)
(0.021119, -0.074999, 0.140585) (0.03593, -0.127596, 0.088138) (0.089465, -0.075, 0.098346)
(0.089465, -0.075, 0.098346) (0.068345, 0, 0.140585) (0.021119, -0.074999, 0.140585)
(0, 0, 0.16) (0.021119, -0.074999, 0.140585) (0.068345, 0, 0.140585)
(0.068345, 0, 0.140585) (0.089465, -0.075, 0.098346) (0.116275, 0, 0.088138)
(-0.055292, -0.046352, 0.140585) (-0.094068, -0.078858, 0.088138) (-0.034173, -0.121352, 0.098346)
(-0.034173, -0.121352, 0.098346) (0.021119, -0.074999, 0.140585) (-0.055292, -0.046352, 0.140585)
(0, 0, 0.16) (-0.055292, -0.046352, 0.140585) (0.021119, -0.074999, 0.140585)
(0.021119, -0.074999, 0.140585) (-0.034173, -0.121352, 0.098346) (0.03593, -0.127596, 0.088138)
(-0.055292, 0.046352, 0.140585) (-0.094068, 0.078858, 0.088138) (-0.110584, 0, 0.098346)
(-0.110584, 0, 0.098346) (-0.055292, -0.046352, 0.140585) (-0.055292, 0.046352, 0.140585)
(0, 0, 0.16) (-0.055292, 0.046352, 0.140585) (-0.055292, -0.046352, 0.140585)
(-0.055292, -0.046352, 0.140585) (-0.110584, 0, 0.098346) (-0.094068, -0.078858, 0.088138)
(0.021119, 0.074999, 0.140585) (0.03593, 0.127596, 0.088138) (-0.034173, 0.121352, 0.098346)
(-0.034173, 0.121352, 0.098346) (-0.055292, 0.046352, 0.140585) (0.021119, 0.074999, 0.140585)
(0, 0, 0.16) (0.021119, 0.074999, 0.140585) (-0.055292, 0.046352, 0.140585)
(-0.055292, 0.046352, 0.140585) (-0.034173, 0.121352, 0.098346) (-0.094068, 0.078858, 0.088138)
(0.068345, 0, 0.140585) (0.116275, 0, 0.088138) (0.089465, 0.075, 0.098346)
(0.089465, 0.075, 0.098346) (0.021119, 0.074999, 0.140585) (0.068345, 0, 0.140585)
(0, 0, 0.16) (0.068345, 0, 0.140585) (0.021119, 0.074999, 0.140585)
(0.021119, 0.074999, 0.140585) (0.089465, 0.075, 0.098346) (0.03593, 0.127596, 0.088138)
